Shake Testing Results from Interface Testing												
Aug-13												
Data generation: Human's used spaceball to propose successful grasps												
"Hardware: WAM arm, Barrett hand"												
Grasp #	Point Arrangement	Triangle Size	Finger Extension	Finger Spread	Finger Limit	Perpendicular Symmetry	Parallel Symmetry	Skewness	Volume Object Enclosed	Wrench Space Volume	Epsilon	Energy
1	0.882796629	0.000100276	0.002502	0	0.802140926	0.00010263	0.000110165	1.562243578	4.56E-05	0.000251	0.015	23.2301
2	0.875190925	0.000212127	0.0105245	0.282546	0.779647027	0.000131593	0.000111639	1.367955298	6.08E-05	0.000564	0.04	24.7944
3	0	0	0.383185512	0	0.656354996	0.000143039	0.000132077	1.440836473	3.10E-05	0.00267	NaN	30.1029
4	0.696869134	0.000162252	0.0083315	0	0.790893977	0.000139508	0.000111343	1.379009789	4.75E-05	0.000241	0.00248	23.172
5	0	0.002162428	0.428793514	0	0.288813175	0.000200406	0.000244641	1.562540654	1.24E-05	0.0142	0.0379	27.8345
6	0.923115501	0.000241907	0.029346001	0.1056	0.758850781	0.000135023	9.27E-05	1.654873756	6.38E-05	0.000578	NaN	34.2538
7	0.935335858	0.000237757	0.0003185	0.1162	0.790469563	0.000132506	9.95E-05	1.567226268	6.52E-05	0.000558	0.0347	28.265
8	0.844670062	0.000152964	0.145281504	0	0.733810402	0.000118671	0.000104153	1.725986871	8.04E-06	0.000287	NaN	26.0578
9	0.94886641	0.000205947	0.024576501	0.0932	0.816570975	0.000110666	0.000112212	1.558478327	5.64E-05	0.000509	0.0143	23.608
10	0	0.003024155	0.074719503	0.09999	0.339954965	0.00016271	0.000173503	1.475484871	1.23E-05	0.0268	0.129	36.528
11	0.855812028	0.00021769	0.0012065	0.0695	0.789196324	0.000128585	0.000103562	1.582552988	6.42E-05	0.000522	0.0311	26.4884
12	0.876188646	0.000149458	0.0011765	0	0.797896794	0.000107824	0.000114128	1.622632823	4.53E-05	0.000251	0.0115	22.5869
13	0.791343592	7.69E-05	0.085848003	0	0.758850781	0.000113621	9.58E-05	1.546188044	7.30E-05	0.000254	0.00324	27.4659
14	0.582786336	0.000153289	0.0154755	0	0.564681748	0.000109689	0.000114858	1.485490164	2.70E-05	0.00135	NaN	63.7301
15	0.733662888	6.22E-06	0.0006855	0	0.367329621	0.000122845	8.74E-05	1.626174174	2.18E-05	0.00126	0.0112	35.3177
16	0	0	0.287406522	0.077	0.415500519	0.000127636	9.29E-05	1.80671941	1.23E-05	0.0195	NaN	30.5132
17	0.873435712	0.000164899	0.018468501	0	0.813175669	0.000127394	0.000102304	1.646169089	5.58E-05	0.000253	0.00503	27.3082
18	0.435587961	0.000156142	0.861900528	0.17619	0.555344657	0.000130705	0.00012232	1.198391545	1.86E-05	0.00125	NaN	35.9174
19	0.883120319	0.000149199	0.001896	0	0.788135291	0.000126391	0.000132312	1.606213591	5.47E-05	0.000242	0.0133	41.9474
20	0.769780247	0.000167306	0.109765504	0	0.839701493	0.000111918	0.000100022	1.507805132	3.16E-05	0.000298	NaN	24.1527
21	0	0	0.425073514	0.07923	0.314277966	0.000117506	0.000139816	1.594555737	0.000116325	0.0215	0.0572	27.1702
22	0.527869523	1.01E-05	0.0034385	9.73E-14	0.504415075	0.000138552	0.000123162	1.397840086	2.83E-05	0.00102	0.00359	32.4919
23	0.885235446	0.000174544	0.030066001	3.51E-14	0.788771911	0.000116156	8.98E-05	1.694915631	4.20E-05	0.000319	NaN	31.3322
24	0.882813286	5.34E-05	0.100446002	0	0.81996628	0.000192945	0.000114795	1.447501672	5.25E-05	5.83E-05	NaN	26.2074
25	0.807736785	0.000317022	0.0061845	0.2808	0.767763458	0.000173607	9.23E-05	1.702692981	0.000135268	0.000149	0.0168	23.6061
26	0.644152512	0.000225771	0.024704	0	0.776251722	0.000173606	6.16E-05	1.397207887	9.50E-05	5.80E-05	NaN	36.2996
27	0.857441153	0.000528349	0.104576003	0.383	0.209235702	0.000147772	0.00013121	1.569983434	0.000223408	0.0034	0.008	37.6262
28	0.94272647	0.000241296	0.0028365	0.1327	0.758850781	0.000182628	0.000140251	1.55151437	0.000117202	0.000126	0.00968	33.9034
29	0	0	0.909280497	0	0.991951431	0.000157852	7.36E-05	1.131829547	0.000154258	0	NaN	107.388
30	0.842317052	0.000306298	0.0012065	0.20289	0.764155946	0.000176055	9.40E-05	1.627340521	0.000121985	0.000139	0.0206	22.5842
31	0.867799492	0.000125456	0.0076445	0	0.787074258	0.000177333	0.000131132	1.583786707	6.49E-05	5.57E-05	0.00563	26.3685
32	0	0	1.934920292	0	0.726056568	0.000241678	0.00013782	1.624320679	0.000187131	0	NaN	82.7747
33	0	0.001194395	0.0072305	0	0.102071373	0.00020303	0.000160352	1.502674759	9.97E-06	0.00326	0.00983	17.5201
34	0	0.001491937	0.022386501	0.004	0.185044154	0.000218799	0.000161288	1.610684763	3.36E-05	0.00298	0.0158	18.9701
35	0	0	0.049815502	0.3	0.07787982	0.000163758	0.000140731	1.629019578	0.00010355	0.005	0.000333	21.5441
36	0.838855726	0.000313938	0.0032255	0.2165	0.759062988	0.000184977	8.84E-05	1.608549847	0.000137959	0.000145	0.02	23.8944
37	0.763297024	0.000320564	0.024823501	0.3525	0.736569088	0.000171526	0.000144316	1.610426281	0.000170417	0.000188	0.017	34.7535
38	0.821144456	0.000170689	0.0135105	0.1341	0.774129656	0.000180156	0.000137762	1.736875059	0.000104807	7.04E-05	0.00651	33.8192
39	0	0	0.062766502	0.0893	0.132629121	0.000171745	0.000209144	1.756465939	0.000253413	0.00248	0.00316	28.8169
40	0.450508151	5.96E-06	0.079448002	2.877305792	0.884477085	0.000150455	4.31E-05	1.463405193	2.98E-06	0	NaN	30.1771
41	0.918764673	8.93E-05	0.0043895	0.30515383	0.755243268	0.000186804	0.000110504	1.515538218	0.000233129	0.000163	0.0186	23.9496
42	0.08785977	5.74E-07	0.0053195	0	1.106020769	0.000141517	8.89E-05	1.461227231	8.94E-10	1.56E-05	NaN	25.9587
43	0.07671365	6.23E-06	0.0147935	0.286	1.030899635	0.000146912	0.000103717	1.567978171	1.06E-09	0.000266	NaN	26.8859
44	0.354466055	5.93E-06	0.0006185	0	1.168409507	0.000133847	9.46E-05	1.592287484	0	4.08E-06	NaN	24.9105
45	0.346068031	2.40E-05	0.021078001	0	0.979757845	0.000169716	0.000101976	1.505442642	4.45E-08	4.39E-05	NaN	30.1618
46	0.80141651	8.50E-06	0.0271685	0.183	0.859012293	0.000155949	9.15E-05	1.342619923	4.44E-06	0.000189	NaN	35.5732
47	0	0.000417548	0.348084511	0.1273	0.770522144	0.000194993	0.000186412	1.60161685	0	0.00081	NaN	32.1039
48	0.094471157	2.38E-06	0.0074915	0	1.096683679	0.00010547	8.39E-05	1.448844834	1.89E-09	1.80E-05	NaN	25.9124
49	0.097609361	9.31E-07	0.0030395	0.1138	1.128514668	0.000123147	8.89E-05	1.581311945	1.02E-10	1.12E-05	NaN	26.0428
50	0.854983194	4.07E-05	0.0013205	0.006	0.858375674	0.000142328	9.78E-05	1.559394135	4.48E-06	8.10E-05	NaN	42.0223
51	0.773349145	2.12E-05	0.0108045	0	0.795138109	0.00013365	8.21E-05	1.714770375	8.06E-06	0.000135	NaN	73.9428
52	0.105586541	4.43E-06	0.015774501	0	1.059759732	0.000110067	8.02E-05	1.510439053	1.40E-09	1.74E-05	NaN	27.438
53	0	0.002758956	0.0003705	0	1.173290259	0.000174805	0.000173499	1.547000497	0.002758956	8.67E-06	NaN	24.8553
54	0.264270453	3.50E-06	0.003254	0	1.11960199	0.000160968	9.36E-05	1.591216302	2.85E-09	5.66E-06	NaN	26.9004
55	0	0	0.0017855	0.214	1.03556818	0.000295	0.00035	1.584339794	0	0	NaN	26.3244
56	0	0	0.554450192	0.08	0.922331575	0.00014626	0.000131927	1.618335465	2.18E-08	0.000536	0.0243	43.1834
57	0.915097959	2.85E-05	0.040708501	0.384	0.865166285	0.000177927	8.92E-05	1.685710153	3.16E-05	0.000162	NaN	41.3942
58	0.233089955	4.81E-06	0.011816001	0.137	1.090954101	0.000137438	9.85E-05	1.608681072	0	0	NaN	28.1861
59	0	0	0.075276502	0.086	1.053181328	0.00018022	0.000130116	1.756754443	1.95E-08	7.26E-05	NaN	25.593
60	0	0	0.84458249	1.573521992	1.040758947	0.000210942	0.000118288	1.605726992	3.51E-05	5.90E-06	NaN	90.7548
61	0	0.000825065	2.656431642	-0.017453293	0.97391387	0.000191616	0.000164156	1.240427253	4.77E-16	0.000211	NaN	73.2419
63	0.834765474	0.000435282	0.033301501	0.2892	0.543673294	0.000168047	8.68E-05	1.855940598	0.000195397	0.000888	NaN	21.5599
64	0.635917439	0.000134952	0.0002045	0	0.966176623	0.000203504	3.57E-05	1.643789842	1.45E-06	2.32E-05	NaN	54.761
65	0.854993827	0.000402889	0.035376501	0.2825	0.474069533	0.000162828	0.000106278	1.652493307	0.00024284	0.000837	NaN	22.9311
66	0.43205149	6.75E-05	0.312288509	0	0.427596288	0.000213789	0.000114472	1.514556801	8.65E-05	0.00167	0.0106	30.12
67	0	0	0.0006	0.13	1.022411371	0.000295	0.00042204	1.444398824	0	9.85E-05	NaN	54.9664
68	0.457293517	2.59E-05	0.484802015	0.1826	0.627919313	0.000160507	0.000120093	1.132400299	6.39E-05	0.000213	NaN	35.1918
69	0.884636596	0.000247016	0.026340501	0.1913	0.53900475	0.000166198	8.86E-05	1.61358318	0.000159726	0.000583	0.0185	22.6543
70	0.317856017	3.30E-05	0.112335504	0	0.850311823	0.000171468	4.78E-05	1.617565006	6.01E-07	1.15E-05	NaN	53.8788
71	0.858391572	9.18E-05	0.024718501	0	0.927555023	0.000213482	3.81E-05	1.520406422	7.46E-06	3.34E-05	NaN	50.3086
72	0.484652884	0.000234883	0.0210305	0	0.57953621	0.000154508	8.58E-05	1.334666627	0.000122998	0.000236	0.00424	21.8925
73	0.735371462	0.000208788	0.036856501	0	0.550039493	0.000179209	8.71E-05	1.593688974	9.64E-05	0.000192	0.00815	18.3596
74	0.957447854	0.000258421	0.028509501	0.5853	0.481496762	0.000191949	9.47E-05	1.50640147	0.000177055	0.0024	0.0554	22.0088
75	0.675846905	0.00022132	0.003104	0	0.587812266	0.000175448	0.000110149	1.556423598	8.71E-05	0.000183	NaN	15.6617
76	0.570445824	0.00011981	0.100044503	0.1887	0.86113436	0.000196657	4.59E-05	1.50104209	4.26E-06	6.23E-05	NaN	51.5407
77	0.813982867	0.00026348	0.048370502	0.2592	0.593966257	0.000173548	0.000121359	1.56505194	0.000183426	0.000482	0.00295	37.4564
78	0.581761448	0.000147687	0.000868797	0.1125	1.001597155	0.000189837	3.42E-05	1.720887787	1.12E-05	1.86E-05	NaN	50.2866
79	0.442007538	0.000336444	0.125688505	0.0865	0.46048831	0.000169885	0.000118803	2.003494341	0.00016722	0.000409	NaN	25.6176
80	0.33996829	2.04E-05	0.0058805	2.38	0.28478125	0.00020043	7.50E-05	1.846362679	0.000222327	0.000273	NaN	24.7407
81	0.082722481	4.41E-05	0.013958	2.8	0.377727739	0.000138148	0.000149871	1.457112631	8.88E-05	3.17E-06	NaN	19.2443
82	0.859005788	4.26E-05	0.142591503	0	0.746755006	8.51E-05	9.64E-05	1.574695805	3.20E-06	0	NaN	88.4257
83	0.752994682	0.000174774	0.016854001	0.272	0.76394374	8.88E-05	0.000103224	1.570797654	1.27E-05	0.00278	0.0189	68.3095
84	0.569031708	0.000629763	0.020709501	0	0.047322071	7.37E-05	0.000137802	1.642500959	0	0.000646	NaN	65.127
85	0.486989256	0.000571459	0.333163511	0	0.426535255	7.67E-05	9.86E-05	1.596767499	4.25E-05	0.013	NaN	52.2257
86	0	0	1.15E-28	0.176	1.24E-14	0.000295	0.000388	1.597081085	0	0	NaN	202.449
87	0.298448394	0.000217056	0.603134016	0	0.56892588	8.55E-05	0.000127271	1.62924248	7.30E-06	0.000387	0.00239	52.3066
88	0.834857393	0.000195225	0.0103805	0.113	0.773068623	8.81E-05	0.000103576	1.6224836	1.03E-05	0.00208	NaN	67.5465
89	0.820533205	0.001868022	0.264303509	0.5649	0.258892046	8.13E-05	0.000122887	1.462378142	0.000162221	0.00406	NaN	58.9915
90	0.594502241	0.000723928	0.66185602	0	0.369027267	8.00E-05	0.000101707	1.40837259	5.93E-05	0.000788	NaN	43.1053
91	0	0	1.337284678	0	0.871630292	0.000295	0.000388	1.528476887	0	0	NaN	77.5375
92	0.820588522	0.00018122	0.0021305	0.215	0.778798201	8.50E-05	0.000103523	1.564784778	1.36E-05	0.00269	0.056	59.6912
93	0.810023566	0.000161598	0.604968015	0.054	0.569138086	8.03E-05	6.93E-05	1.686732561	6.77E-06	0.000487	NaN	64.6076
94	0.893478196	8.40E-05	0.003584	0	0.773280829	9.08E-05	9.63E-05	1.571292948	5.58E-06	0.00086	NaN	72.3264
95	0	0	2.147547184	0.24	1.115765684	0.000295	0.000388	1.342660441	0	0	NaN	84.4807
96	0.631654544	0.000960525	0.019245501	0.082	0.118199073	7.37E-05	4.26E-05	1.636432749	0	0	NaN	98.9621
97	0.470647201	0.000297302	0.181512004	2.586044055	0.512478927	7.66E-05	0.000140948	1.549114738	1.86E-05	5.18E-05	NaN	56.8081
98	0	0.011869133	1.29621841	0.170646475	1.132007782	0.00015867	0.000199956	1.6637029	0	0	NaN	92.4701
99	0	0.000788305	0.246093507	0	0.960234839	0.000197449	0.000207184	1.315836191	0	0.00111	NaN	27.9104
100	0	0.001075144	0.308631508	0.271	0.887660183	0.000197896	0.000201179	1.585126475	0	0.00075	NaN	31.1589
101	0.78620419	6.10E-05	0.035862501	0	0.750150311	0.000125053	9.11E-05	1.533885616	1.26E-05	0.000253	NaN	56.189
102	0.958464082	3.92E-05	0.139740504	0	0.814661115	9.82E-05	0.00011714	1.521323873	2.02E-06	0.000115	NaN	28.6933
103	0.544915968	1.42E-05	0.218238007	0.176	0.872805722	0.000133164	0.000101055	1.86377424	5.90E-07	0.000309	NaN	47.42
104	0.715617587	8.29E-05	0.005306	0	0.852009476	0.000136619	8.81E-05	1.634987148	1.11E-05	0.000119	0.011	54.1288
105	0.854925893	6.27E-05	0.043989501	0	0.888933423	9.82E-05	0.00011275	1.498700638	7.61E-07	0.000104	NaN	29.4372
106	0	0.001579282	0.098031504	0.111	0.817844214	0.000183266	0.0001886	1.63461229	0	0.000891	0.0114	25.5227
107	0.635157676	2.77E-05	0.0041165	0.0196	0.705162513	0.000112119	0.000106472	1.572239235	1.40E-05	0.000481	NaN	62.1995
108	0	0.001090435	0.082646002	0.575	1.087771002	0.000211863	0.000194715	1.331029921	0.001090435	0	NaN	35.4843
109	0.505869469	0.000223843	0.73125152	0	0.570411326	9.09E-05	5.71E-05	1.576215582	4.90E-05	0.000311	NaN	43.2097
110	0	0	0.168996505	0	0.92713061	0.00013453	0.000130884	1.639678138	5.01E-08	0.00284	0.0242	22.824
111	0	0	0.036454501	0	0.867076144	0.00014266	0.000153299	1.551232586	1.28E-07	0.000213	NaN	31.6187
112	0	0	0.032541501	0.019	0.860497739	0.000119309	0.000127169	1.607863157	1.19E-07	0.00145	NaN	26.7309
113	0	0	0.993138028	0.064	0.891904315	0.000140225	0.000130682	1.521008228	5.14E-08	0.00202	NaN	27.1535
114	0.8573894	0.000141879	0.040554501	0.189	0.866863938	0.000115692	8.89E-05	1.469466353	1.91E-05	0.000215	NaN	35.1776
115	0	0	0.049518501	0.235	0.876837648	0.000168702	0.000112679	1.545702764	1.56E-05	0.000852	NaN	36.3651
116	0.874357427	2.51E-05	0.101028503	0.076	0.831213229	0.0001262	7.58E-05	1.726304218	4.42E-07	0.000101	NaN	37.919
117	0	0.002160516	0.608378018	-0.017453293	0.838216048	0.000161816	0.0001985	1.384749553	0	0.00089	NaN	26.7018
118	0	0	5.37E-31	2.04466822	2.30E-15	0.000295	0.00038602	1.677105095	0	0	NaN	961.682
119	0.77820166	7.41E-05	0.0106155	0.005	0.84988741	0.000105323	0.00011243	1.674665939	1.51E-06	0.000363	NaN	24.692
120	0.699703368	1.05E-05	0.0016245	0	0.915459247	0.000128182	9.46E-05	1.569268027	2.42E-06	0.000261	NaN	21.3561
121	0.799602403	1.30E-05	0.0002	0	0.992702448	0.000105153	0.000112175	1.561157889	3.09E-08	0.000295	NaN	18.657
122	0.856116593	0.00013494	0.0272495	0	0.736144676	0.000134842	8.41E-05	1.546856615	1.04E-05	0.000505	NaN	68.0223
123	0.849094813	3.34E-05	0.0275445	0	0.921825445	0.000135171	0.000105579	1.630661549	7.66E-07	0.00027	NaN	22.7436
124	0.637814796	5.96E-06	0.0007085	0	0.960871458	0.000102457	0.000102004	1.392123961	4.56E-07	0.000283	NaN	20.041
125	0.545686873	4.49E-06	0.0006135	0	0.963205731	0.000127339	0.000101583	1.52184393	2.52E-07	0.000202	NaN	19.6439
126	0.406793354	2.43E-05	0.012248	0.022	0.946441411	0.000117589	0.000116322	1.626610198	2.58E-08	0.000241	NaN	18.9402
127	0.943004681	1.39E-05	0.041820651	0.378	0.822341909	0.000131975	9.28E-05	1.559556282	1.09E-05	0.000857	NaN	33.9613
128	0.481256257	3.96E-05	4.85E-05	0	0.97572592	0.00011914	0.000119484	1.662567295	8.98E-08	0.000216	NaN	18.7491
129	0.552837856	1.67E-05	0.0005615	0	0.968723102	0.000129489	0.000106749	1.572502717	1.51E-07	0.000173	NaN	19.1946
130	0.571901504	1.10E-05	0.0061355	0.013	0.937953146	0.000119284	0.000107494	1.565976805	1.11E-07	0.000238	NaN	19.192
131	0.926420984	0.000314648	0.021434001	0.194	0.763519326	0.000116074	9.12E-05	1.458835998	4.78E-05	0.00134	NaN	40.7101
132	0.887532006	0.000150856	0.013106001	0.242	0.758001954	0.000129598	9.49E-05	1.611384085	1.34E-05	0.000472	NaN	77.8672
133	0.592695934	2.71E-06	0.0020555	0.0922	0.962781318	0.000114691	0.000100911	1.487221796	4.00E-07	0.000544	NaN	20.0913
134	0.004617432	3.72E-07	0.0064385	3.147464141	0.920339999	0.000118781	9.76E-05	1.555530798	6.42E-07	2.10E-07	NaN	20.1151
135	0	0	0.032526001	2.94466822	0.718107115	0.000158069	0.000141657	1.791500273	1.54E-05	0.000525	NaN	24.6416
136	0.893243704	4.77E-05	0.0016055	0.016	0.866227318	0.000158815	8.56E-05	1.517871442	9.33E-06	0.000117	NaN	20.7804
137	0.592536358	3.31E-06	0.0007695	0.197	0.883628258	0.000158667	0.000103445	1.623635069	4.53E-06	0.000165	NaN	24.0784
138	0.649990691	1.09E-05	0.0002795	0.1	0.922249858	0.000135905	9.63E-05	1.631858296	2.52E-06	8.86E-05	NaN	21.1667
139	0.898956917	4.58E-05	0.054229502	0	0.84797755	0.000151909	0.000114817	1.565618902	1.69E-07	4.85E-05	NaN	18.0947
140	0.901399773	0.000123501	0.027423501	0.185	0.71280195	0.000177606	9.39E-05	1.641031657	1.66E-05	0.000266	NaN	36.6399
141	0.900943836	3.43E-05	0.0013265	0	0.918217933	0.000170325	0.000111494	1.565122718	5.14E-07	3.31E-05	NaN	18.9418
142	0.863002539	1.37E-05	0.0026295	0	0.929464883	0.000134029	0.000108803	1.506094216	1.03E-06	5.56E-05	NaN	20.0478
143	0.679433643	2.04E-05	0.0005415	0.186	0.928191643	0.000145315	0.000105077	1.571493405	1.01E-06	0.000149	NaN	18.8714
144	0.910103857	4.01E-05	0.006278	0.02	0.899968166	0.000119105	0.000112329	1.546062095	2.29E-06	6.34E-05	NaN	21.2773
145	0.728128419	7.09E-05	0.011007603	0.376	0.861361072	0.000158023	0.000108515	1.715196577	1.67E-06	0.00017	NaN	23.213
146	0.904482428	8.96E-05	0.0024335	0	0.932860188	0.000118731	0.000120742	1.670524228	8.80E-07	5.07E-05	NaN	20.2751
147	0.766863175	1.04E-05	0.0009665	0	0.89657286	0.000127144	0.000102383	1.607437571	3.40E-06	8.69E-05	NaN	23.0493
148	0.905566253	0.000105123	0.002954	0.091	0.781556887	0.000166595	0.000110401	1.587395716	8.35E-06	0.000161	NaN	29.5333
149	0.73461598	2.30E-06	0.0002885	0.183	0.925432957	0.000136182	0.000103236	1.561110068	2.06E-06	0.000126	NaN	21.6342
150	0.885465328	5.73E-05	0.035448501	0.079	0.880869573	0.000129403	0.000116848	1.283725461	1.48E-06	6.07E-05	NaN	20.5883
151	0.921933934	1.67E-05	0.017230501	0.382	0.755667682	0.000159752	0.000103805	1.540435801	3.37E-05	0.000769	NaN	36.4071
152	0.852019829	0.000357026	0.297433508	0.242	0.64616908	0.000159261	0.000102334	1.662306661	1.14E-05	0.000595	NaN	47.6832
153	0.668998087	8.45E-05	0.063318502	0.083	0.812751256	0.000138746	0.000115465	1.770985799	1.81E-06	0.000179	NaN	22.1262
154	0.828997706	0.000314975	0.065971502	1.571400165	0.748028245	0.000188689	0.000101803	2.564483892	2.51E-05	0.000215	NaN	45.1821
155	0.776752922	4.88E-05	0.212096007	1.419416863	0.698584109	0.000178441	0.000105426	2.470616986	2.74E-05	0.000374	NaN	38.2325
156	0.719811771	0.000240314	0.328952011	1.4934	0.922037652	0.000187479	0.000106202	3.026140946	2.45E-05	0.00051	NaN	28.3176
157	0.983696512	6.22E-06	0.383571511	1.8184	0.911851735	0.000167883	0.000109554	3.076109228	1.70E-06	0.000374	NaN	32.4526
158	0.873320517	3.19E-05	0.031320501	0	0.856465815	0.000158659	9.91E-05	1.652079479	6.27E-06	0.000117	NaN	40.3999
159	0.316505651	5.70E-05	0.109585504	0	1.357273376	0.000120301	0.000108155	1.392557463	2.06E-10	0.000134	NaN	45.1523
160	0.179345538	4.05E-06	0.106322004	0	1.197906224	0.000145828	0.000114344	1.571857191	9.85E-10	1.04E-05	NaN	37.9912
161	0.728242345	9.81E-05	0.146178505	0.0993	0.733598196	0.000156079	0.000113128	1.512680689	9.88E-06	0.000222	NaN	59.4621
162	0.924642351	3.54E-05	0.031230501	0.127	0.799170034	0.000149774	0.000100612	1.658384252	1.29E-05	0.000332	NaN	64.0511
163	0	0	0.212670507	0.193	1.184537209	0.000295	0.0004175	1.558622253	0	0	NaN	46.0915
164	0.649165554	6.01E-05	0.062862002	0.0935	0.933921221	0.000141574	0.000101369	1.721928904	9.21E-07	0.000176	NaN	48.8889
165	0.311387923	1.25E-05	0.034023501	0.0107	0.980606672	0.000115899	0.000109585	1.670844149	7.06E-09	6.91E-05	NaN	59.2612
166	0.13465139	1.44E-05	0.151296505	0	1.202786976	0.000135976	0.000109432	1.414938508	8.08E-10	6.66E-06	NaN	43.1941
167	0.397808345	2.74E-05	0.0028595	0	0.962781318	0.000119089	9.80E-05	1.560098114	2.26E-07	1.92E-05	NaN	58.4377
168	0.783577697	3.22E-05	0.128505505	0.0105	0.855829194	0.000169393	0.00010278	1.491360805	1.38E-06	0.000258	NaN	36.4826
169	0.621120991	0.000102254	0.087619502	0	0.945380377	0.000156505	8.46E-05	1.536935923	1.14E-05	8.12E-05	NaN	42.0257
170	0.144369456	1.71E-05	0.076663503	0	1.142095889	0.00014689	0.000109633	1.598478457	7.82E-10	2.22E-05	NaN	37.5541
171	0	0	0.382413512	0.169	1.110477107	0.000176523	0.000150465	1.586516251	7.11E-08	0	NaN	42.5105
172	0.648638478	0.000104742	0.038803501	0.07	0.718107115	0.000168186	0.00011658	1.628347989	2.70E-05	0.000257	NaN	52.3641
173	0	0	0.176751506	0.0915	1.027928742	0.000170986	0.000140963	1.67593845	3.21E-07	0.000614	NaN	36.9404
174	0.491884865	8.22E-05	1.057848534	0.0648	0.617945602	9.54E-05	0.000129916	1.611725273	3.07E-06	3.05E-05	0.00125	60.3695
175	0.961039422	0.000224685	0.181809506	1.575999767	0.733173783	0.000181076	0.000102296	1.50240734	8.02E-06	0.000986	NaN	47.363
176	0.703251562	5.96E-05	0.033174001	0.710676254	0.90718319	0.00015003	0.00011104	0.841389237	1.12E-05	3.72E-05	NaN	54.9902
